---
layout:     post                    # 使用的布局（不需要改）
title:      100Numpy[51-62]              # 标题 
subtitle:   Numpy函数的学习 #副标题
date:       2019-08-28              # 时间
author:     甜果果                      # 作者
header-img: https://cdn.jsdelivr.net/gh/tian-guo-guo/cdn@1.0/assets/img/post-bg-2015.jpg    #这篇文章标题背景图片
catalog: true                       # 是否归档
tags:                               #标签
    - 学习日记
    - python
    - numpy
---

#### 51. Create a structured array representing a position (x,y) and a color (r,g,b) (★★☆)

```python
Z = np.zeros(10, [ ('position', [ ('x', float, 1),
                                  ('y', float, 1)]),
                   ('color',    [ ('r', float, 1),
                                  ('g', float, 1),
                                  ('b', float, 1)])])
print(Z)
```

```
[((0., 0.), (0., 0., 0.)) ((0., 0.), (0., 0., 0.))
 ((0., 0.), (0., 0., 0.)) ((0., 0.), (0., 0., 0.))
 ((0., 0.), (0., 0., 0.)) ((0., 0.), (0., 0., 0.))
 ((0., 0.), (0., 0., 0.)) ((0., 0.), (0., 0., 0.))
 ((0., 0.), (0., 0., 0.)) ((0., 0.), (0., 0., 0.))]
```

```python
help(np.zeros)
```

```
Help on built-in function zeros in module numpy:

zeros(...)
    zeros(shape, dtype=float, order='C')
    
    Return a new array of given shape and type, filled with zeros.
    
    Parameters
    ----------
    shape : int or tuple of ints
        Shape of the new array, e.g., ``(2, 3)`` or ``2``.
    dtype : data-type, optional
        The desired data-type for the array, e.g., `numpy.int8`.  Default is
        `numpy.float64`.
    order : {'C', 'F'}, optional, default: 'C'
        Whether to store multi-dimensional data in row-major
        (C-style) or column-major (Fortran-style) order in
        memory.
    
    Returns
    -------
    out : ndarray
        Array of zeros with the given shape, dtype, and order.
    
    See Also
    --------
    zeros_like : Return an array of zeros with shape and type of input.
    empty : Return a new uninitialized array.
    ones : Return a new array setting values to one.
    full : Return a new array of given shape filled with value.
    
    Examples
    --------
    >>> np.zeros(5)
    array([ 0.,  0.,  0.,  0.,  0.])
    
    >>> np.zeros((5,), dtype=int)
    array([0, 0, 0, 0, 0])
    
    >>> np.zeros((2, 1))
    array([[ 0.],
           [ 0.]])
    
    >>> s = (2,2)
    >>> np.zeros(s)
    array([[ 0.,  0.],
           [ 0.,  0.]])
    
    >>> np.zeros((2,), dtype=[('x', 'i4'), ('y', 'i4')]) # custom dtype
    array([(0, 0), (0, 0)],
          dtype=[('x', '<i4'), ('y', '<i4')])
```

#### 52. Consider a random vector with shape (100,2) representing coordinates, find point by point distances (★★☆)

```python
Z = np.random.random((10,2))
X,Y = np.atleast_2d(Z[:,0], Z[:,1])
D = np.sqrt( (X-X.T)**2 + (Y-Y.T)**2)
print(D)

# Much faster with scipy
import scipy
# Thanks Gavin Heverly-Coulson (#issue 1)
import scipy.spatial

Z = np.random.random((10,2))
D = scipy.spatial.distance.cdist(Z,Z)
print(D)
```

```
[[0.         0.66386189 0.8110802  0.45555898 0.79976527 0.99798725
  0.73104201 0.8586926  0.89385049 0.56518628]
 [0.66386189 0.         0.29340814 0.55194961 0.42434645 0.4374452
  0.0679972  0.29111006 0.2750587  0.24301989]
 [0.8110802  0.29340814 0.         0.51333753 0.17025688 0.18690928
  0.26715593 0.06918282 0.46476724 0.53228094]
 [0.45555898 0.55194961 0.51333753 0.         0.42214156 0.68000796
  0.59612178 0.57976633 0.82666903 0.63622122]
 [0.79976527 0.42434645 0.17025688 0.42214156 0.         0.27287764
  0.41645511 0.23189218 0.63045007 0.64336408]
 [0.99798725 0.4374452  0.18690928 0.68000796 0.27287764 0.
  0.38946345 0.15036122 0.51878701 0.6799131 ]
 [0.73104201 0.0679972  0.26715593 0.59612178 0.41645511 0.38946345
  0.         0.25016463 0.23571434 0.29386009]
 [0.8586926  0.29111006 0.06918282 0.57976633 0.23189218 0.15036122
  0.25016463 0.         0.42107114 0.53411906]
 [0.89385049 0.2750587  0.46476724 0.82666903 0.63045007 0.51878701
  0.23571434 0.42107114 0.         0.34973461]
 [0.56518628 0.24301989 0.53228094 0.63622122 0.64336408 0.6799131
  0.29386009 0.53411906 0.34973461 0.        ]]
[[0.         0.11452473 0.2718827  0.64494674 0.21610756 0.2158186
  0.36980996 0.37138037 0.38996277 0.87413376]
 [0.11452473 0.         0.19826672 0.53080032 0.17290522 0.10233983
  0.30673433 0.28426161 0.36712929 0.76212541]
 [0.2718827  0.19826672 0.         0.48829615 0.35540913 0.1547764
  0.10943324 0.39653982 0.54658712 0.64906401]
 [0.64494674 0.53080032 0.48829615 0.         0.52749355 0.43359618
  0.51559318 0.37351903 0.60202271 0.30539521]
 [0.21610756 0.17290522 0.35540913 0.52749355 0.         0.20982411
  0.46436356 0.17992175 0.19453576 0.80335164]
 [0.2158186  0.10233983 0.1547764  0.43359618 0.20982411 0.
  0.25984355 0.24718883 0.39532076 0.65983299]
 [0.36980996 0.30673433 0.10943324 0.51559318 0.46436356 0.25984355
  0.         0.49184782 0.6544002  0.62329695]
 [0.37138037 0.28426161 0.39653982 0.37351903 0.17992175 0.24718883
  0.49184782 0.         0.23439261 0.66895546]
 [0.38996277 0.36712929 0.54658712 0.60202271 0.19453576 0.39532076
  0.6544002  0.23439261 0.         0.90185158]
 [0.87413376 0.76212541 0.64906401 0.30539521 0.80335164 0.65983299
  0.62329695 0.66895546 0.90185158 0.        ]]
```

```python
numpy.atleast_2d(*arys) 把输入看成至少有两个dimension的array 
形似数组的序列，不是数组被转为数组，dimension>=2保留
print(np.atleast_2d(3))
print(np.atleast_2d([1,3,5]))
print(np.atleast_2d(2,[1,5,7],[[3,5,6]]))
b = atleast_2d(np.ones([6],dtype='double'))
print(b)
a = atleast_2d(array([], dtype ='double'))
print(a.shape)
输出：
[[3]]
[[1 3 5]]
[array([[2]]), array([[1, 5, 7]]), array([[3, 5, 6]])]
[ 1.  1.  1.  1.  1.]
[[ 1.  1.  1.  1.  1.  1.]]
(1L, 0L)
```

```python
scipy.spatial.distance.cdist 该函数用于计算两个输入集合的距离，
通过metric参数指定计算距离的不同方式得到不同的距离度量值
metric的取值如下：

 braycurtis
 canberra
 chebyshev：切比雪夫距离
 cityblock
 correlation：相关系数
 cosine：余弦夹角
 dice
 euclidean：欧式距离
 hamming：汉明距离
 jaccard：杰卡德相似系数
 kulsinski
 mahalanobis：马氏距离
 matching
 minkowski：闵可夫斯基距离
 rogerstanimoto
 russellrao
 seuclidean：标准化欧式距离
 sokalmichener
 sokalsneath
 sqeuclidean
 wminkowski
 yule

常见的欧氏距离计算：

In [1]: from scipy.spatial.distance import cdist
   ...: import numpy as np
   ...: x1 =np.array([(1,3),(2,4),(5,6)])
   ...: x2 =[(3,7),(4,8),(6,9)]
   ...: cdist(x1,x2,metric='euclidean')
   ...:
Out[1]:
array([[ 4.47213595,  5.83095189,  7.81024968],
       [ 3.16227766,  4.47213595,  6.40312424],
       [ 2.23606798,  2.23606798,  3.16227766]])

解析上述计算过程：结果数组中的第一行数据表示的是x1数组中第一个元素点与x2数组中各个元素点的距离，计算两点之间的距离
以点(1,3)与(3,7)点的距离为例：

In [2]: np.power((1-3)**2 +(3-7)**2,1/2)
Out[2]: 4.4721359549995796 
```

#### 53. How to convert a float (32 bits) array into an integer (32 bits) in place?

```python
Z = np.arange(10, dtype=np.float32)
Z = Z.astype(np.int32, copy=False)
print(Z)
```

```
[0 1 2 3 4 5 6 7 8 9]
```

#### 54. How to read the following file? (★★☆)

```python
from io import StringIO

# Fake file 
s = StringIO("""1, 2, 3, 4, 5\n
                6,  ,  , 7, 8\n
                 ,  , 9,10,11\n""")
Z = np.genfromtxt(s, delimiter=",", dtype=np.int)
print(Z)
```

```
[[ 1  2  3  4  5]
 [ 6 -1 -1  7  8]
 [-1 -1  9 10 11]]
```

```python
StringIO顾名思义就是在内存中读写str。
要把str写入StringIO，我们需要先创建一个StringIO，然后，像文件一样写入即可
>>> from io import StringIO
>>> f = StringIO()
>>> f.write('hello')
5
>>> f.write(' ')
1
>>> f.write('world!')
6
>>> print(f.getvalue()) # getvalue()方法用于获得写入后的str。
hello world!

要读取StringIO，可以用一个str初始化StringIO，然后，像读文件一样读取：

>>> from io import StringIO
>>> f = StringIO('Hello!\nHi!\nGoodbye!')
>>> while True:
...     s = f.readline()
...     if s == '':
...         break
...     print(s.strip())
...
Hello!
Hi!
Goodbye!
```

```python
genfromtxt函数
- genfromtxt函数创建数组表格数据
- genfromtxt主要执行两个循环运算。第一个循环将文件的每一行转换成字符串序列。第二个循环将每个字符串序列转换为相应的数据类型。
- genfromtxt能够考虑缺失的数据,但其他更快和更简单的函数像loadtxt不能考虑缺失值。
- 使用前需导入相应模块

>>> import numpy as np
>>> from StringIO import StringIO

- 定义输入
genfromtxt唯一的强制参数是数据的来源。它可以是一个对应于一个本地或远程文件的名字字符串,或一个有read方法的file-like对象(如一个实际的文件或StringIO。StringIO对象)。如果参数是一个远程文件的URL,后者在当前目录中自动下载。输入文件可以是一个文本文件或存档，目前,该函数识别gzip和bz2(bzip2)。归档文件的类型是检查文件的扩展：如果文件名以“.gz”结尾”,gzip存档;如果它结尾是“bz2”,bzip2存档。

- 将行分割成列
     - genfromtxt分割每个非空行成一个字符串序列。空的行或注释行跳过。
     - 分割符并不局限于单个字符,任何字符串就可以了。
     - 分割一个固定宽度的文件,列的宽度被定义为一个给定的字符数。在这种情况下,我们需要将分隔符设置成一个整数(如果所有的列有相同的大小)或一个整数序列(如果列可以有不同的大小)。

>>> data = "123456789\n  4  7 9\n  4567 9"
>>> np.genfromtxt(StringIO(data), delimiter=(4, 3, 2))
array([[ 1234.,  567.,    89.],      [    4.,    7.,    9.],      [    4.,  567.,    9.]])
link: https://blog.csdn.net/chang_yuan_2011/article/details/21300443 
```

#### 55. What is the equivalent of enumerate for numpy arrays? (★★☆)

```python
Z = np.arange(9).reshape(3,3)
for index, value in np.ndenumerate(Z):
    print(index, value)
for index in np.ndindex(Z.shape):
    print(index, Z[index])
```

```
(0, 0) 0
(0, 1) 1
(0, 2) 2
(1, 0) 3
(1, 1) 4
(1, 2) 5
(2, 0) 6
(2, 1) 7
(2, 2) 8
(0, 0) 0
(0, 1) 1
(0, 2) 2
(1, 0) 3
(1, 1) 4
(1, 2) 5
(2, 0) 6
(2, 1) 7
(2, 2) 8
```

```python
# np.ndenumerate打印出元素的坐标及其值
>>> a = np.array([[1, 2], [3, 4]])
>>> for index, x in np.ndenumerate(a):
...     print(index, x)
    (0, 0) 1
    (0, 1) 2
    (1, 0) 3
    (1, 1) 4
```

```python
# np.ndindex打印出元素的坐标
>>> for index in np.ndindex(3, 2, 1):
...     print(index)
    (0, 0, 0)
    (0, 1, 0)
    (1, 0, 0)
    (1, 1, 0)
    (2, 0, 0)
    (2, 1, 0)
```

#### 56. Generate a generic 2D Gaussian-like array (★★☆)

```python
X, Y = np.meshgrid(np.linspace(-1,1,10), np.linspace(-1,1,10))
D = np.sqrt(X*X+Y*Y)
sigma, mu = 1.0, 0.0
G = np.exp(-( (D-mu)**2 / ( 2.0 * sigma**2 ) ) )
print(G)
```

```
[[0.36787944 0.44822088 0.51979489 0.57375342 0.60279818 0.60279818
  0.57375342 0.51979489 0.44822088 0.36787944]
 [0.44822088 0.54610814 0.63331324 0.69905581 0.73444367 0.73444367
  0.69905581 0.63331324 0.54610814 0.44822088]
 [0.51979489 0.63331324 0.73444367 0.81068432 0.85172308 0.85172308
  0.81068432 0.73444367 0.63331324 0.51979489]
 [0.57375342 0.69905581 0.81068432 0.89483932 0.9401382  0.9401382
  0.89483932 0.81068432 0.69905581 0.57375342]
 [0.60279818 0.73444367 0.85172308 0.9401382  0.98773022 0.98773022
  0.9401382  0.85172308 0.73444367 0.60279818]
 [0.60279818 0.73444367 0.85172308 0.9401382  0.98773022 0.98773022
  0.9401382  0.85172308 0.73444367 0.60279818]
 [0.57375342 0.69905581 0.81068432 0.89483932 0.9401382  0.9401382
  0.89483932 0.81068432 0.69905581 0.57375342]
 [0.51979489 0.63331324 0.73444367 0.81068432 0.85172308 0.85172308
  0.81068432 0.73444367 0.63331324 0.51979489]
 [0.44822088 0.54610814 0.63331324 0.69905581 0.73444367 0.73444367
  0.69905581 0.63331324 0.54610814 0.44822088]
 [0.36787944 0.44822088 0.51979489 0.57375342 0.60279818 0.60279818
  0.57375342 0.51979489 0.44822088 0.36787944]]
```

```python
meshgrid函数用两个坐标轴上的点在平面上画格。
用法：
　　[X,Y]=meshgrid(x,y) 
　　[X,Y]=meshgrid(x)与[X,Y]=meshgrid(x,x)是等同的 
　　[X,Y,Z]=meshgrid(x,y,z)生成三维数组，可用来计算三变量的函数和绘制三维立体图 
　　例如例题1： 
　　x=-3:1:3;y=-2:1:2; 
　　[X,Y]= meshgrid(x,y); 
　　这里meshigrid（x，y）的作用是产生一个以向量x为行，向量y为列的矩阵，而x是从-3开始到3，每间隔1记下一个数据，并把这些数据集成矩阵X；同理y则是从-2到2，每间隔1记下一个数据，并集成矩阵Y。即 
　　X= 
　　-3 -2 -1 0 1 2 3 
　　-3 -2 -1 0 1 2 3 
　　-3 -2 -1 0 1 2 3 
　　-3 -2 -1 0 1 2 3 
　　-3 -2 -1 0 1 2 3 
　　Y = 
　　-2 -2 -2 -2 -2 -2 -2 
　　-1 -1 -1 -1 -1 -1 -1 
　　0 0 0 0 0 0 0 
　　1 1 1 1 1 1 1 
　　2 2 2 2 2 2 2
```

#### 57. How to randomly place p elements in a 2D array? (★★☆)

```python
# Author: Divakar

n = 10
p = 3
Z = np.zeros((n,n))
np.put(Z, np.random.choice(range(n*n), p, replace=False),1)
print(Z)
```

```
[[0. 0. 0. 0. 0. 0. 0. 0. 0. 0.]
 [0. 0. 0. 0. 0. 0. 0. 1. 0. 0.]
 [0. 0. 0. 0. 0. 0. 0. 0. 0. 0.]
 [0. 0. 0. 0. 0. 0. 0. 0. 0. 0.]
 [0. 0. 0. 0. 0. 0. 0. 0. 0. 0.]
 [0. 0. 1. 0. 0. 0. 0. 0. 0. 0.]
 [0. 0. 0. 0. 0. 0. 0. 0. 0. 0.]
 [0. 0. 0. 0. 0. 0. 0. 0. 1. 0.]
 [0. 0. 0. 0. 0. 0. 0. 0. 0. 0.]
 [0. 0. 0. 0. 0. 0. 0. 0. 0. 0.]]
```

```python
np.random.choice(range(n*n), p, replace=False) # array([85, 16, 24])

概述：
可以从一个int数字或1维array里随机选取内容，并将选取结果放入n维array中返回。

说明：
numpy.random.choice(a, size=None, replace=True, p=None)

>>> a : 1-D array-like or int
    If an ndarray, a random sample is generated from its elements. 
    If an int, the random sample is generated as if a was np.arange(n)

>>> size : int or tuple of ints, optional 

>>> replace : boolean, optional
    Whether the sample is with or without replacement

>>> p : 1-D array-like, optional
    The probabilities associated with each entry in a. If not given the sample assumes a uniform distribution over all entries in a.

示例
>>> np.random.choice(5, 3)
array([0, 3, 4])

>>> np.random.choice(5, 3, p=[0.1, 0, 0.3, 0.6, 0])
array([3, 3, 0])

>>> np.random.choice(5, 3, replace=False)
array([3,1,0])

>>> np.random.choice(5, 3, replace=False, p=[0.1, 0, 0.3, 0.6, 0])
array([2, 3, 0])

>>> aa_milne_arr = ['pooh', 'rabbit', 'piglet', 'Christopher']

>>> np.random.choice(aa_milne_arr, 5, p=[0.5, 0.1, 0.1, 0.3])
array(['pooh', 'pooh', 'pooh', 'Christopher', 'piglet'],
```

```python
np.put 根据索引值改值
Examples
--------
>>> a = np.arange(5)
>>> np.put(a, [0, 2], [-44, -55])
>>> a
array([-44,   1, -55,   3,   4])

>>> a = np.arange(5)
>>> np.put(a, 22, -5, mode='clip')
>>> a
array([ 0,  1,  2,  3, -5])
```

#### 58. Subtract the mean of each row of a matrix (★★☆)

```python
# Author: Warren Weckesser

X = np.random.rand(5, 10)

# Recent versions of numpy
Y = X - X.mean(axis=1, keepdims=True)

# Older versions of numpy
Y = X - X.mean(axis=1).reshape(-1, 1)

print(Y)
```

```
[[-0.19809466 -0.15711573 -0.11042906  0.2901787   0.02033369 -0.11905082
   0.12076003  0.14115663 -0.35460986  0.36687108]
 [ 0.29297505  0.33201038 -0.2166948   0.25836701 -0.25630355  0.13000201
  -0.36309828 -0.06795874  0.12931347 -0.23861255]
 [-0.08147058 -0.38801587  0.18044507  0.42724621 -0.27431754 -0.05233589
  -0.0767035  -0.24168453  0.06399476  0.44284186]
 [ 0.30606211  0.11456262  0.0997693  -0.45150437 -0.23776541  0.22560464
   0.01109345 -0.30517463 -0.06921538  0.30656766]
 [ 0.27400013 -0.39049857  0.01997976 -0.10475576 -0.00997943  0.03430215
   0.12405129 -0.30835623 -0.15464103  0.5158977 ]]
```

#### 59. How to sort an array by the nth column? (★★☆)

```python
# Author: Steve Tjoa

Z = np.random.randint(0,10,(3,3))
print(Z)
print(Z[Z[:,1].argsort()])
```

```
[[5 5 0]
 [0 0 2]
 [5 9 4]]
[[0 0 2]
 [5 5 0]
 [5 9 4]]
```

```python
Z[:,1]
```

```
array([5, 0, 9])
```

```python
Z[:,1].argsort()
```

```
array([1, 0, 2])
```

#### 60. How to tell if a given 2D array has null columns? (★★☆)

```python
# Author: Warren Weckesser

Z = np.random.randint(0,3,(3,10))
print((~Z.any(axis=0)).any())
```

```
False
```

```python
本质上讲，any()实现了或(OR)运算，而all()实现了与(AND)运算。
```

```python
Z 
```

```
array([[1, 1, 1, 2, 0, 0, 2, 1, 0, 1],
       [2, 2, 2, 2, 2, 1, 0, 1, 1, 2],
       [0, 2, 0, 2, 1, 0, 0, 1, 1, 2]])
```

```python
~Z 
```

```
array([[-2, -2, -2, -3, -1, -1, -3, -2, -1, -2],
       [-3, -3, -3, -3, -3, -2, -1, -2, -2, -3],
       [-1, -3, -1, -3, -2, -1, -1, -2, -2, -3]])
```

#### 61. Find the nearest value from a given value in an array (★★☆)

```python
Z = np.random.uniform(0,1,10)
z = 0.5
m = Z.flat[np.abs(Z - z).argmin()]
print(m)
```

```
0.762767357871208
```

```python
Z 
```

```
array([0.87994702, 0.76276736, 0.89488201, 0.90295194, 0.12712676,
       0.86744307, 0.78865033, 0.79097576, 0.96566122, 0.78528457])
```

```python
np.abs(Z-z).argmin()
```

```
1
```

```python
Z.flat[1]
```

```
0.762767357871208
```

#### 62. Considering two arrays with shape (1,3) and (3,1), how to compute their sum using an iterator? (★★☆)

```python
A = np.arange(3).reshape(3,1)
B = np.arange(3).reshape(1,3)
it = np.nditer([A,B,None])
for x,y,z in it: z[...] = x + y
print(it.operands[2])
```

```
[[0 1 2]
 [1 2 3]
 [2 3 4]]
```

```python
A,B 
```

```
(array([[0],
        [1],
        [2]]), array([[0, 1, 2]]))
```

```python
numpy.nditer 用于迭代数组的高效多维迭代器对象。
it.operands
```

```
(array([[0],
        [1],
        [2]]), array([[0, 1, 2]]), array([[0, 1, 2],
        [1, 2, 3],
        [2, 3, 4]]))
```